# x, y
-5.000000000000000000e-01 -2.185569414336896443e-08
5.000000000000000000e-01 -2.185569414336896443e-08
0.000000000000000000e+00 5.000000000000000000e-01
0.000000000000000000e+00 5.000000000000000000e-01
-5.000000000000000000e-01 -2.185569414336896443e-08
5.000000000000000000e-01 -2.185569414336896443e-08
0.000000000000000000e+00 5.000000000000000000e-01
-2.500000000000000000e-01 3.535533845424652100e-01
2.500000000000000000e-01 3.535533845424652100e-01
-3.750000000000000000e-01 1.913417279720306396e-01
1.250000000000000000e-01 4.619397521018981934e-01
-1.250000000000000000e-01 4.619397521018981934e-01
3.750000000000000000e-01 1.913417279720306396e-01
-4.375000000000000000e-01 9.754511713981628418e-02
6.250000000000000000e-02 4.903926253318786621e-01
-1.875000000000000000e-01 4.157347977161407471e-01
3.125000000000000000e-01 2.777850925922393799e-01
-3.125000000000000000e-01 2.777850925922393799e-01
1.875000000000000000e-01 4.157347977161407471e-01
-6.250000000000000000e-02 4.903926253318786621e-01
4.375000000000000000e-01 9.754511713981628418e-02
-4.687500000000000000e-01 4.900856688618659973e-02
3.125000000000000000e-02 4.975923597812652588e-01
-2.187500000000000000e-01 3.865052163600921631e-01
2.812500000000000000e-01 3.171966373920440674e-01
-3.437500000000000000e-01 2.356983423233032227e-01
1.562500000000000000e-01 4.409606158733367920e-01
-9.375000000000000000e-02 4.784701764583587646e-01
4.062500000000000000e-01 1.451423317193984985e-01
-4.062500000000000000e-01 1.451423317193984985e-01
9.375000000000000000e-02 4.784701764583587646e-01
-1.562500000000000000e-01 4.409606158733367920e-01
3.437500000000000000e-01 2.356983423233032227e-01
-2.812500000000000000e-01 3.171966373920440674e-01
2.187500000000000000e-01 3.865052163600921631e-01
-3.125000000000000000e-02 4.975923597812652588e-01
4.687500000000000000e-01 4.900856688618659973e-02
-4.843750000000000000e-01 2.453382499516010284e-02
1.562500000000000000e-02 4.993977248668670654e-01
-2.343750000000000000e-01 3.704755604267120361e-01
2.656250000000000000e-01 3.357794582843780518e-01
-3.593750000000000000e-01 2.137775570154190063e-01
1.406250000000000000e-01 4.519946575164794922e-01
-1.093750000000000000e-01 4.707720279693603516e-01
3.906250000000000000e-01 1.684449166059494019e-01
-4.218750000000000000e-01 1.214900612831115723e-01
7.812500000000000000e-02 4.850156307220458984e-01
-1.718750000000000000e-01 4.288643002510070801e-01
3.281250000000000000e-01 2.570513486862182617e-01
-2.968750000000000000e-01 2.978496253490447998e-01
2.031250000000000000e-01 4.016037583351135254e-01
-4.687500000000000000e-02 4.945882558822631836e-01
4.531250000000000000e-01 7.336524128913879395e-02
-4.531250000000000000e-01 7.336524128913879395e-02
4.687500000000000000e-02 4.945882558822631836e-01
-2.031250000000000000e-01 4.016037583351135254e-01
2.968750000000000000e-01 2.978496253490447998e-01
-3.281250000000000000e-01 2.570513486862182617e-01
1.718750000000000000e-01 4.288643002510070801e-01
-7.812500000000000000e-02 4.850156307220458984e-01
4.218750000000000000e-01 1.214900612831115723e-01
-3.906250000000000000e-01 1.684449166059494019e-01
1.093750000000000000e-01 4.707720279693603516e-01
-1.406250000000000000e-01 4.519946575164794922e-01
3.593750000000000000e-01 2.137775570154190063e-01
-2.656250000000000000e-01 3.357794582843780518e-01
2.343750000000000000e-01 3.704755604267120361e-01
-1.562500000000000000e-02 4.993977248668670654e-01
4.843750000000000000e-01 2.453382499516010284e-02
-4.921875000000000000e-01 1.227056793868541718e-02
7.812500000000000000e-03 4.998494088649749756e-01
-2.421875000000000000e-01 3.621235489845275879e-01
2.578125000000000000e-01 3.447702527046203613e-01
-3.671875000000000000e-01 2.026206403970718384e-01
1.328125000000000000e-01 4.571048617362976074e-01
-1.171875000000000000e-01 4.664964079856872559e-01
3.828125000000000000e-01 1.799474954605102539e-01
-4.296875000000000000e-01 1.095506101846694946e-01
7.031250000000000000e-02 4.878510534763336182e-01
-1.796875000000000000e-01 4.224267899990081787e-01
3.203125000000000000e-01 2.674988210201263428e-01
-3.046875000000000000e-01 2.879040837287902832e-01
1.953125000000000000e-01 4.087924063205718994e-01
-5.468750000000000000e-02 4.926388263702392578e-01
4.453125000000000000e-01 8.548092842102050781e-02
-4.609375000000000000e-01 6.120530888438224792e-02
3.906250000000000000e-02 4.962397813796997070e-01
-2.109375000000000000e-01 3.941732048988342285e-01
2.890625000000000000e-01 3.076157867908477783e-01
-3.359375000000000000e-01 2.464490830898284912e-01
1.640625000000000000e-01 4.350434839725494385e-01
-8.593750000000000000e-02 4.818880259990692139e-01
4.140625000000000000e-01 1.333563923835754395e-01
-3.984375000000000000e-01 1.568408310413360596e-01
1.015625000000000000e-01 4.747640788555145264e-01
-1.484375000000000000e-01 4.466121494770050049e-01
3.515625000000000000e-01 2.248056530952453613e-01
-2.734375000000000000e-01 3.265863955020904541e-01
2.265625000000000000e-01 3.786044418811798096e-01
-2.343750000000000000e-02 4.986452162265777588e-01
4.765625000000000000e-01 3.678224608302116394e-02
-4.765625000000000000e-01 3.678224608302116394e-02
2.343750000000000000e-02 4.986452162265777588e-01
-2.265625000000000000e-01 3.786044418811798096e-01
2.734375000000000000e-01 3.265863955020904541e-01
-3.515625000000000000e-01 2.248056530952453613e-01
1.484375000000000000e-01 4.466121494770050049e-01
-1.015625000000000000e-01 4.747640788555145264e-01
3.984375000000000000e-01 1.568408310413360596e-01
-4.140625000000000000e-01 1.333563923835754395e-01
8.593750000000000000e-02 4.818880259990692139e-01
-1.640625000000000000e-01 4.350434839725494385e-01
3.359375000000000000e-01 2.464490830898284912e-01
-2.890625000000000000e-01 3.076157867908477783e-01
2.109375000000000000e-01 3.941732048988342285e-01
-3.906250000000000000e-02 4.962397813796997070e-01
4.609375000000000000e-01 6.120530888438224792e-02
-4.453125000000000000e-01 8.548092842102050781e-02
5.468750000000000000e-02 4.926388263702392578e-01
-1.953125000000000000e-01 4.087924063205718994e-01
3.046875000000000000e-01 2.879040837287902832e-01
-3.203125000000000000e-01 2.674988210201263428e-01
1.796875000000000000e-01 4.224267899990081787e-01
-7.031250000000000000e-02 4.878510534763336182e-01
4.296875000000000000e-01 1.095506101846694946e-01
-3.828125000000000000e-01 1.799474954605102539e-01
1.171875000000000000e-01 4.664964079856872559e-01
-1.328125000000000000e-01 4.571048617362976074e-01
3.671875000000000000e-01 2.026206403970718384e-01
-2.578125000000000000e-01 3.447702527046203613e-01
2.421875000000000000e-01 3.621235489845275879e-01
-7.812500000000000000e-03 4.998494088649749756e-01
4.921875000000000000e-01 1.227056793868541718e-02
-4.960937500000000000e-01 6.135764531791210175e-03
3.906250000000000000e-03 4.999623596668243408e-01
-2.460937500000000000e-01 3.578653931617736816e-01
2.539062500000000000e-01 3.491881191730499268e-01
-3.710937500000000000e-01 1.969959884881973267e-01
1.289062500000000000e-01 4.595569372177124023e-01
-1.210937500000000000e-01 4.642530381679534912e-01
3.789062500000000000e-01 1.856585890054702759e-01
-4.335937500000000000e-01 1.035556644201278687e-01
6.640625000000000000e-02 4.891586899757385254e-01
-1.835937500000000000e-01 4.191123545169830322e-01
3.164062500000000000e-01 2.726624906063079834e-01
-3.085937500000000000e-01 2.828658819198608398e-01
1.914062500000000000e-01 4.122946262359619141e-01
-5.859375000000000000e-02 4.915527403354644775e-01
4.414062500000000000e-01 9.151994436979293823e-02
-4.648437500000000000e-01 5.511105805635452271e-02
3.515625000000000000e-02 4.969534873962402344e-01
-2.148437500000000000e-01 3.903686106204986572e-01
2.851562500000000000e-01 3.124297261238098145e-01
-3.398437500000000000e-01 2.410918623208999634e-01
1.601562500000000000e-01 4.380350410938262939e-01
-8.984375000000000000e-02 4.802152514457702637e-01
4.101562500000000000e-01 1.392598152160644531e-01
-4.023437500000000000e-01 1.510029733180999756e-01
9.765625000000000000e-02 4.766530096530914307e-01
-1.523437500000000000e-01 4.438198208808898926e-01
3.476562500000000000e-01 2.302693575620651245e-01
-2.773437500000000000e-01 3.219157457351684570e-01
2.226562500000000000e-01 3.825836181640625000e-01
-2.734375000000000000e-02 4.981563091278076172e-01
4.726562500000000000e-01 4.289863631129264832e-02
-4.804687500000000000e-01 3.066037409007549286e-02
1.953125000000000000e-02 4.990590512752532959e-01
-2.304687500000000000e-01 3.745681941509246826e-01
2.695312500000000000e-01 3.312078714370727539e-01
-3.554687500000000000e-01 2.193080931901931763e-01
1.445312500000000000e-01 4.493372142314910889e-01
-1.054687500000000000e-01 4.728036522865295410e-01
3.945312500000000000e-01 1.626551300287246704e-01
-4.179687500000000000e-01 1.274328231811523438e-01
8.203125000000000000e-02 4.834882318973541260e-01
-1.679687500000000000e-01 4.319864213466644287e-01
3.320312500000000000e-01 2.517691850662231445e-01
-2.929687500000000000e-01 3.027555048465728760e-01
2.070312500000000000e-01 3.979184627532958984e-01
-4.296875000000000000e-02 4.954513311386108398e-01
4.570312500000000000e-01 6.729034334421157837e-02
-4.492187500000000000e-01 7.942903786897659302e-02
5.078125000000000000e-02 4.936507046222686768e-01
-1.992187500000000000e-01 4.052285850048065186e-01
3.007812500000000000e-01 2.928989231586456299e-01
-3.242187500000000000e-01 2.622948288917541504e-01
1.757812500000000000e-01 4.256775975227355957e-01
-7.421875000000000000e-02 4.864699840545654297e-01
4.257812500000000000e-01 1.155290678143501282e-01
-3.867187500000000000e-01 1.742093563079833984e-01
1.132812500000000000e-01 4.686695039272308350e-01
-1.367187500000000000e-01 4.545840024948120117e-01
3.632812500000000000e-01 2.082147747278213501e-01
-2.617187500000000000e-01 3.403005003929138184e-01
2.382812500000000000e-01 3.663271367549896240e-01
-1.171875000000000000e-02 4.996612071990966797e-01
4.882812500000000000e-01 1.840358227491378784e-02
-4.882812500000000000e-01 1.840358227491378784e-02
1.171875000000000000e-02 4.996612071990966797e-01
-2.382812500000000000e-01 3.663271367549896240e-01
2.617187500000000000e-01 3.403005003929138184e-01
-3.632812500000000000e-01 2.082147747278213501e-01
1.367187500000000000e-01 4.545840024948120117e-01
-1.132812500000000000e-01 4.686695039272308350e-01
3.867187500000000000e-01 1.742093563079833984e-01
-4.257812500000000000e-01 1.155290678143501282e-01
7.421875000000000000e-02 4.864699840545654297e-01
-1.757812500000000000e-01 4.256775975227355957e-01
3.242187500000000000e-01 2.622948288917541504e-01
-3.007812500000000000e-01 2.928989231586456299e-01
1.992187500000000000e-01 4.052285850048065186e-01
-5.078125000000000000e-02 4.936507046222686768e-01
4.492187500000000000e-01 7.942903786897659302e-02
-4.570312500000000000e-01 6.729034334421157837e-02
4.296875000000000000e-02 4.954513311386108398e-01
-2.070312500000000000e-01 3.979184627532958984e-01
2.929687500000000000e-01 3.027555048465728760e-01
-3.320312500000000000e-01 2.517691850662231445e-01
1.679687500000000000e-01 4.319864213466644287e-01
-8.203125000000000000e-02 4.834882318973541260e-01
4.179687500000000000e-01 1.274328231811523438e-01
-3.945312500000000000e-01 1.626551300287246704e-01
1.054687500000000000e-01 4.728036522865295410e-01
-1.445312500000000000e-01 4.493372142314910889e-01
3.554687500000000000e-01 2.193080931901931763e-01
-2.695312500000000000e-01 3.312078714370727539e-01
2.304687500000000000e-01 3.745681941509246826e-01
-1.953125000000000000e-02 4.990590512752532959e-01
4.804687500000000000e-01 3.066037409007549286e-02
-4.726562500000000000e-01 4.289863631129264832e-02
2.734375000000000000e-02 4.981563091278076172e-01
-2.226562500000000000e-01 3.825836181640625000e-01
2.773437500000000000e-01 3.219157457351684570e-01
-3.476562500000000000e-01 2.302693575620651245e-01
1.523437500000000000e-01 4.438198208808898926e-01
-9.765625000000000000e-02 4.766530096530914307e-01
4.023437500000000000e-01 1.510029733180999756e-01
-4.101562500000000000e-01 1.392598152160644531e-01
8.984375000000000000e-02 4.802152514457702637e-01
-1.601562500000000000e-01 4.380350410938262939e-01
3.398437500000000000e-01 2.410918623208999634e-01
-2.851562500000000000e-01 3.124297261238098145e-01
2.148437500000000000e-01 3.903686106204986572e-01
-3.515625000000000000e-02 4.969534873962402344e-01
4.648437500000000000e-01 5.511105805635452271e-02
-4.414062500000000000e-01 9.151994436979293823e-02
5.859375000000000000e-02 4.915527403354644775e-01
-1.914062500000000000e-01 4.122946262359619141e-01
3.085937500000000000e-01 2.828658819198608398e-01
-3.164062500000000000e-01 2.726624906063079834e-01
1.835937500000000000e-01 4.191123545169830322e-01
-6.640625000000000000e-02 4.891586899757385254e-01
4.335937500000000000e-01 1.035556644201278687e-01
-3.789062500000000000e-01 1.856585890054702759e-01
1.210937500000000000e-01 4.642530381679534912e-01
-1.289062500000000000e-01 4.595569372177124023e-01
3.710937500000000000e-01 1.969959884881973267e-01
-2.539062500000000000e-01 3.491881191730499268e-01
2.460937500000000000e-01 3.578653931617736816e-01
-3.906250000000000000e-03 4.999623596668243408e-01
4.960937500000000000e-01 6.135764531791210175e-03
-4.980468750000000000e-01 3.067929064854979515e-03
1.953125000000000000e-03 4.999905824661254883e-01
-2.480468750000000000e-01 3.557161092758178711e-01
2.519531250000000000e-01 3.513773381710052490e-01
-3.730468750000000000e-01 1.941725313663482666e-01
1.269531250000000000e-01 4.607570171356201172e-01
-1.230468750000000000e-01 4.631051123142242432e-01
3.769531250000000000e-01 1.885036975145339966e-01
-4.355468750000000000e-01 1.005522832274436951e-01
6.445312500000000000e-02 4.897848963737487793e-01
-1.855468750000000000e-01 4.174314141273498535e-01
3.144531250000000000e-01 2.752289772033691406e-01
-3.105468750000000000e-01 2.803307771682739258e-01
1.894531250000000000e-01 4.140225052833557129e-01
-6.054687500000000000e-02 4.909819364547729492e-01
4.394531250000000000e-01 9.453433752059936523e-02
-4.667968750000000000e-01 5.206082388758659363e-02
3.320312500000000000e-02 4.972822964191436768e-01
-2.167968750000000000e-01 3.884442150592803955e-01
2.832031250000000000e-01 3.148190975189208984e-01
-3.417968750000000000e-01 2.383995950222015381e-01
1.582031250000000000e-01 4.395061135292053223e-01
-9.179687500000000000e-02 4.793517291545867920e-01
4.082031250000000000e-01 1.422037482261657715e-01
-4.042968750000000000e-01 1.480754315853118896e-01
9.570312500000000000e-02 4.775705933570861816e-01
-1.542968750000000000e-01 4.423985481262207031e-01
3.457031250000000000e-01 2.329882681369781494e-01
-2.792968750000000000e-01 3.195621967315673828e-01
2.207031250000000000e-01 3.845516741275787354e-01
-2.929687500000000000e-02 4.978837072849273682e-01
4.707031250000000000e-01 4.595446586608886719e-02
-4.824218750000000000e-01 2.759761922061443329e-02
1.757812500000000000e-02 4.992377758026123047e-01
-2.324218750000000000e-01 3.725288808345794678e-01
2.675781250000000000e-01 3.334999382495880127e-01
-3.574218750000000000e-01 2.165468782186508179e-01
1.425781250000000000e-01 4.506744146347045898e-01
-1.074218750000000000e-01 4.717967212200164795e-01
3.925781250000000000e-01 1.655531376600265503e-01
-4.199218750000000000e-01 1.244637891650199890e-01
8.007812500000000000e-02 4.842610359191894531e-01
-1.699218750000000000e-01 4.304334521293640137e-01
3.300781250000000000e-01 2.544150352478027344e-01
-2.949218750000000000e-01 3.003082275390625000e-01
2.050781250000000000e-01 3.997686207294464111e-01
-4.492187500000000000e-02 4.950290918350219727e-01
4.550781250000000000e-01 7.032912224531173706e-02
-4.511718750000000000e-01 7.639855146408081055e-02
4.882812500000000000e-02 4.941287934780120850e-01
-2.011718750000000000e-01 4.034237861633300781e-01
2.988281250000000000e-01 2.953798174858093262e-01
-3.261718750000000000e-01 2.596779763698577881e-01
1.738281250000000000e-01 4.272789955139160156e-01
-7.617187500000000000e-02 4.857519567012786865e-01
4.238281250000000000e-01 1.185117661952972412e-01
-3.886718750000000000e-01 1.713303625583648682e-01
1.113281250000000000e-01 4.697296023368835449e-01
-1.386718750000000000e-01 4.532978534698486328e-01
3.613281250000000000e-01 2.110001444816589355e-01
-2.636718750000000000e-01 3.380463421344757080e-01
2.363281250000000000e-01 3.684082627296447754e-01
-1.367187500000000000e-02 4.995388686656951904e-01
4.863281250000000000e-01 2.146910689771175385e-02
-4.902343750000000000e-01 1.533736381679773331e-02
9.765625000000000000e-03 4.997647106647491455e-01
-2.402343750000000000e-01 3.642321825027465820e-01
2.597656250000000000e-01 3.425418138504028320e-01
-3.652343750000000000e-01 2.054215818643569946e-01
1.347656250000000000e-01 4.558530151844024658e-01
-1.152343750000000000e-01 4.675917625427246094e-01
3.847656250000000000e-01 1.770817339420318604e-01
-4.277343750000000000e-01 1.125419586896896362e-01
7.226562500000000000e-02 4.871696829795837402e-01
-1.777343750000000000e-01 4.240601658821105957e-01
3.222656250000000000e-01 2.649017870426177979e-01
-3.027343750000000000e-01 2.904069721698760986e-01
1.972656250000000000e-01 4.070181548595428467e-01
-5.273437500000000000e-02 4.931540489196777344e-01
4.472656250000000000e-01 8.245653659105300903e-02
-4.589843750000000000e-01 6.424903869628906250e-02
4.101562500000000000e-02 4.958548843860626221e-01
-2.089843750000000000e-01 3.960532844066619873e-01
2.910156250000000000e-01 3.051913976669311523e-01
-3.339843750000000000e-01 2.491138279438018799e-01
1.660156250000000000e-01 4.335231184959411621e-01
-8.398437500000000000e-02 4.826972186565399170e-01
4.160156250000000000e-01 1.303970664739608765e-01
-3.964843750000000000e-01 1.597509831190109253e-01
1.035156250000000000e-01 4.737927913665771484e-01
-1.464843750000000000e-01 4.479831159114837646e-01
3.535156250000000000e-01 2.220610529184341431e-01
-2.714843750000000000e-01 3.289033174514770508e-01
2.285156250000000000e-01 3.765933811664581299e-01
-2.148437500000000000e-02 4.988615214824676514e-01
4.785156250000000000e-01 3.372191265225410461e-02
-4.746093750000000000e-01 3.984118998050689697e-02
2.539062500000000000e-02 4.984101355075836182e-01
-2.246093750000000000e-01 3.806011676788330078e-01
2.753906250000000000e-01 3.242571949958801270e-01
-3.496093750000000000e-01 2.275417894124984741e-01
1.503906250000000000e-01 4.452243745326995850e-01
-9.960937500000000000e-02 4.757175147533416748e-01
4.003906250000000000e-01 1.539248377084732056e-01
-4.121093750000000000e-01 1.363106369972229004e-01
8.789062500000000000e-02 4.810607135295867920e-01
-1.621093750000000000e-01 4.365474879741668701e-01
3.378906250000000000e-01 2.437750548124313354e-01
-2.871093750000000000e-01 3.100285828113555908e-01
2.128906250000000000e-01 3.922783136367797852e-01
-3.710937500000000000e-02 4.966059625148773193e-01
4.628906250000000000e-01 5.815928056836128235e-02
-4.433593750000000000e-01 8.850210160017013550e-02
5.664062500000000000e-02 4.921050369739532471e-01
-1.933593750000000000e-01 4.105512499809265137e-01
3.066406250000000000e-01 2.853903472423553467e-01
-3.183593750000000000e-01 2.700857520103454590e-01
1.816406250000000000e-01 4.207774996757507324e-01
-6.835937500000000000e-02 4.885140657424926758e-01
4.316406250000000000e-01 1.065551415085792542e-01
-3.808593750000000000e-01 1.828064769506454468e-01
1.191406250000000000e-01 4.653834700584411621e-01
-1.308593750000000000e-01 4.583395123481750488e-01
3.691406250000000000e-01 1.998120695352554321e-01
-2.558593750000000000e-01 3.469857275485992432e-01
2.441406250000000000e-01 3.600012362003326416e-01
-5.859375000000000000e-03 4.999153017997741699e-01
4.941406250000000000e-01 9.203369729220867157e-03
-4.941406250000000000e-01 9.203369729220867157e-03
5.859375000000000000e-03 4.999153017997741699e-01
-2.441406250000000000e-01 3.600012362003326416e-01
2.558593750000000000e-01 3.469857275485992432e-01
-3.691406250000000000e-01 1.998120695352554321e-01
1.308593750000000000e-01 4.583395123481750488e-01
-1.191406250000000000e-01 4.653834700584411621e-01
3.808593750000000000e-01 1.828064769506454468e-01
-4.316406250000000000e-01 1.065551415085792542e-01
6.835937500000000000e-02 4.885140657424926758e-01
-1.816406250000000000e-01 4.207774996757507324e-01
3.183593750000000000e-01 2.700857520103454590e-01
-3.066406250000000000e-01 2.853903472423553467e-01
1.933593750000000000e-01 4.105512499809265137e-01
-5.664062500000000000e-02 4.921050369739532471e-01
4.433593750000000000e-01 8.850210160017013550e-02
-4.628906250000000000e-01 5.815928056836128235e-02
3.710937500000000000e-02 4.966059625148773193e-01
-2.128906250000000000e-01 3.922783136367797852e-01
2.871093750000000000e-01 3.100285828113555908e-01
-3.378906250000000000e-01 2.437750548124313354e-01
1.621093750000000000e-01 4.365474879741668701e-01
-8.789062500000000000e-02 4.810607135295867920e-01
4.121093750000000000e-01 1.363106369972229004e-01
-4.003906250000000000e-01 1.539248377084732056e-01
9.960937500000000000e-02 4.757175147533416748e-01
-1.503906250000000000e-01 4.452243745326995850e-01
3.496093750000000000e-01 2.275417894124984741e-01
-2.753906250000000000e-01 3.242571949958801270e-01
2.246093750000000000e-01 3.806011676788330078e-01
-2.539062500000000000e-02 4.984101355075836182e-01
4.746093750000000000e-01 3.984118998050689697e-02
-4.785156250000000000e-01 3.372191265225410461e-02
2.148437500000000000e-02 4.988615214824676514e-01
-2.285156250000000000e-01 3.765933811664581299e-01
2.714843750000000000e-01 3.289033174514770508e-01
-3.535156250000000000e-01 2.220610529184341431e-01
1.464843750000000000e-01 4.479831159114837646e-01
-1.035156250000000000e-01 4.737927913665771484e-01
3.964843750000000000e-01 1.597509831190109253e-01
-4.160156250000000000e-01 1.303970664739608765e-01
8.398437500000000000e-02 4.826972186565399170e-01
-1.660156250000000000e-01 4.335231184959411621e-01
3.339843750000000000e-01 2.491138279438018799e-01
-2.910156250000000000e-01 3.051913976669311523e-01
2.089843750000000000e-01 3.960532844066619873e-01
-4.101562500000000000e-02 4.958548843860626221e-01
4.589843750000000000e-01 6.424903869628906250e-02
-4.472656250000000000e-01 8.245653659105300903e-02
5.273437500000000000e-02 4.931540489196777344e-01
-1.972656250000000000e-01 4.070181548595428467e-01
3.027343750000000000e-01 2.904069721698760986e-01
-3.222656250000000000e-01 2.649017870426177979e-01
1.777343750000000000e-01 4.240601658821105957e-01
-7.226562500000000000e-02 4.871696829795837402e-01
4.277343750000000000e-01 1.125419586896896362e-01
-3.847656250000000000e-01 1.770817339420318604e-01
1.152343750000000000e-01 4.675917625427246094e-01
-1.347656250000000000e-01 4.558530151844024658e-01
3.652343750000000000e-01 2.054215818643569946e-01
-2.597656250000000000e-01 3.425418138504028320e-01
2.402343750000000000e-01 3.642321825027465820e-01
-9.765625000000000000e-03 4.997647106647491455e-01
4.902343750000000000e-01 1.533736381679773331e-02
-4.863281250000000000e-01 2.146910689771175385e-02
1.367187500000000000e-02 4.995388686656951904e-01
-2.363281250000000000e-01 3.684082627296447754e-01
2.636718750000000000e-01 3.380463421344757080e-01
-3.613281250000000000e-01 2.110001444816589355e-01
1.386718750000000000e-01 4.532978534698486328e-01
-1.113281250000000000e-01 4.697296023368835449e-01
3.886718750000000000e-01 1.713303625583648682e-01
-4.238281250000000000e-01 1.185117661952972412e-01
7.617187500000000000e-02 4.857519567012786865e-01
-1.738281250000000000e-01 4.272789955139160156e-01
3.261718750000000000e-01 2.596779763698577881e-01
-2.988281250000000000e-01 2.953798174858093262e-01
2.011718750000000000e-01 4.034237861633300781e-01
-4.882812500000000000e-02 4.941287934780120850e-01
4.511718750000000000e-01 7.639855146408081055e-02
-4.550781250000000000e-01 7.032912224531173706e-02
4.492187500000000000e-02 4.950290918350219727e-01
-2.050781250000000000e-01 3.997686207294464111e-01
2.949218750000000000e-01 3.003082275390625000e-01
-3.300781250000000000e-01 2.544150352478027344e-01
1.699218750000000000e-01 4.304334521293640137e-01
-8.007812500000000000e-02 4.842610359191894531e-01
4.199218750000000000e-01 1.244637891650199890e-01
-3.925781250000000000e-01 1.655531376600265503e-01
1.074218750000000000e-01 4.717967212200164795e-01
-1.425781250000000000e-01 4.506744146347045898e-01
3.574218750000000000e-01 2.165468782186508179e-01
-2.675781250000000000e-01 3.334999382495880127e-01
2.324218750000000000e-01 3.725288808345794678e-01
-1.757812500000000000e-02 4.992377758026123047e-01
4.824218750000000000e-01 2.759761922061443329e-02
-4.707031250000000000e-01 4.595446586608886719e-02
2.929687500000000000e-02 4.978837072849273682e-01
-2.207031250000000000e-01 3.845516741275787354e-01
2.792968750000000000e-01 3.195621967315673828e-01
-3.457031250000000000e-01 2.329882681369781494e-01
1.542968750000000000e-01 4.423985481262207031e-01
-9.570312500000000000e-02 4.775705933570861816e-01
4.042968750000000000e-01 1.480754315853118896e-01
-4.082031250000000000e-01 1.422037482261657715e-01
9.179687500000000000e-02 4.793517291545867920e-01
-1.582031250000000000e-01 4.395061135292053223e-01
3.417968750000000000e-01 2.383995950222015381e-01
-2.832031250000000000e-01 3.148190975189208984e-01
2.167968750000000000e-01 3.884442150592803955e-01
-3.320312500000000000e-02 4.972822964191436768e-01
4.667968750000000000e-01 5.206082388758659363e-02
-4.394531250000000000e-01 9.453433752059936523e-02
6.054687500000000000e-02 4.909819364547729492e-01
-1.894531250000000000e-01 4.140225052833557129e-01
3.105468750000000000e-01 2.803307771682739258e-01
-3.144531250000000000e-01 2.752289772033691406e-01
1.855468750000000000e-01 4.174314141273498535e-01
-6.445312500000000000e-02 4.897848963737487793e-01
4.355468750000000000e-01 1.005522832274436951e-01
-3.769531250000000000e-01 1.885036975145339966e-01
1.230468750000000000e-01 4.631051123142242432e-01
-1.269531250000000000e-01 4.607570171356201172e-01
3.730468750000000000e-01 1.941725313663482666e-01
-2.519531250000000000e-01 3.513773381710052490e-01
2.480468750000000000e-01 3.557161092758178711e-01
-1.953125000000000000e-03 4.999905824661254883e-01
4.980468750000000000e-01 3.067929064854979515e-03
-4.990234375000000000e-01 1.533960807137191296e-03
9.765625000000000000e-04 4.999976456165313721e-01
-2.490234375000000000e-01 3.546364009380340576e-01
2.509765625000000000e-01 3.524670302867889404e-01
-3.740234375000000000e-01 1.927580386400222778e-01
1.259765625000000000e-01 4.613505601882934570e-01
-1.240234375000000000e-01 4.625246226787567139e-01
3.759765625000000000e-01 1.899235993623733521e-01
-4.365234375000000000e-01 9.904916584491729736e-02
6.347656250000000000e-02 4.900910556316375732e-01
-1.865234375000000000e-01 4.165850877761840820e-01
3.134765625000000000e-01 2.765083312988281250e-01
-3.115234375000000000e-01 2.790592312812805176e-01
1.884765625000000000e-01 4.148806035518646240e-01
-6.152343750000000000e-02 4.906896054744720459e-01
4.384765625000000000e-01 9.604015201330184937e-02
-4.677734375000000000e-01 5.053493380546569824e-02
3.222656250000000000e-02 4.974396526813507080e-01
-2.177734375000000000e-01 3.874765336513519287e-01
2.822265625000000000e-01 3.160093426704406738e-01
-3.427734375000000000e-01 2.370500862598419189e-01
1.572265625000000000e-01 4.402354359626770020e-01
-9.277343750000000000e-02 4.789131879806518555e-01
4.072265625000000000e-01 1.436737179756164551e-01
-4.052734375000000000e-01 1.466095745563507080e-01
9.472656250000000000e-02 4.780226349830627441e-01
-1.552734375000000000e-01 4.416816532611846924e-01
3.447265625000000000e-01 2.343444228172302246e-01
-2.802734375000000000e-01 3.183808922767639160e-01
2.197265625000000000e-01 3.855302631855010986e-01
-3.027343750000000000e-02 4.977403879165649414e-01
4.697265625000000000e-01 4.748174175620079041e-02
-4.833984375000000000e-01 2.606584504246711731e-02
1.660156250000000000e-02 4.993201196193695068e-01
-2.333984375000000000e-01 3.715039789676666260e-01
2.666015625000000000e-01 3.346412777900695801e-01
-3.583984375000000000e-01 2.151632606983184814e-01
1.416015625000000000e-01 4.513366520404815674e-01
-1.083984375000000000e-01 4.712865948677062988e-01
3.916015625000000000e-01 1.669998168945312500e-01
-4.208984375000000000e-01 1.229774951934814453e-01
7.910156250000000000e-02 4.846406280994415283e-01
-1.708984375000000000e-01 4.296509027481079102e-01
3.291015625000000000e-01 2.557343840599060059e-01
-2.958984375000000000e-01 2.990803420543670654e-01
2.041015625000000000e-01 4.006880819797515869e-01
-4.589843750000000000e-02 4.948109984397888184e-01
4.541015625000000000e-01 7.184752076864242554e-02
-4.521484375000000000e-01 7.488221675157546997e-02
4.785156250000000000e-02 4.943608343601226807e-01
-2.021484375000000000e-01 4.025156497955322266e-01
2.978515625000000000e-01 2.966161370277404785e-01
-3.271484375000000000e-01 2.583658695220947266e-01
1.728515625000000000e-01 4.280736744403839111e-01
-7.714843750000000000e-02 4.853860735893249512e-01
4.228515625000000000e-01 1.200014725327491760e-01
-3.896484375000000000e-01 1.698884367942810059e-01
1.103515625000000000e-01 4.702530205249786377e-01
-1.396484375000000000e-01 4.526483714580535889e-01
3.603515625000000000e-01 2.123898565769195557e-01
-2.646484375000000000e-01 3.369144797325134277e-01
2.353515625000000000e-01 3.694436550140380859e-01
-1.464843750000000000e-02 4.994706511497497559e-01
4.853515625000000000e-01 2.300157397985458374e-02
-4.912109375000000000e-01 1.380403060466051102e-02
8.789062500000000000e-03 4.998094141483306885e-01
-2.412109375000000000e-01 3.631795644760131836e-01
2.587890625000000000e-01 3.436576426029205322e-01
-3.662109375000000000e-01 2.040220648050308228e-01
1.337890625000000000e-01 4.564810991287231445e-01
-1.162109375000000000e-01 4.670462608337402344e-01
3.837890625000000000e-01 1.785154491662979126e-01
-4.287109375000000000e-01 1.110468059778213501e-01
7.128906250000000000e-02 4.875126779079437256e-01
-1.787109375000000000e-01 4.232454597949981689e-01
3.212890625000000000e-01 2.662015557289123535e-01
-3.037109375000000000e-01 2.891568839550018311e-01
1.962890625000000000e-01 4.079071879386901855e-01
-5.371093750000000000e-02 4.928987622261047363e-01
4.462890625000000000e-01 8.396912366151809692e-02
-4.599609375000000000e-01 6.272746622562408447e-02
4.003906250000000000e-02 4.960496425628662109e-01
-2.099609375000000000e-01 3.951151072978973389e-01
2.900390625000000000e-01 3.064050376415252686e-01
-3.349609375000000000e-01 2.477826178073883057e-01
1.650390625000000000e-01 4.342853426933288574e-01
-8.496093750000000000e-02 4.822948873043060303e-01
4.150390625000000000e-01 1.318773478269577026e-01
-3.974609375000000000e-01 1.582966595888137817e-01
1.025390625000000000e-01 4.742806851863861084e-01
-1.474609375000000000e-01 4.472997486591339111e-01
3.525390625000000000e-01 2.234344035387039185e-01
-2.724609375000000000e-01 3.277463912963867188e-01
2.275390625000000000e-01 3.776006996631622314e-01
-2.246093750000000000e-02 4.987557232379913330e-01
4.775390625000000000e-01 3.525224700570106506e-02
-4.755859375000000000e-01 3.831189870834350586e-02
2.441406250000000000e-02 4.985300302505493164e-01
-2.255859375000000000e-01 3.796045780181884766e-01
2.744140625000000000e-01 3.254233300685882568e-01
-3.505859375000000000e-01 2.261747866868972778e-01
1.494140625000000000e-01 4.459203481674194336e-01
-1.005859375000000000e-01 4.752430319786071777e-01
3.994140625000000000e-01 1.553835868835449219e-01
-4.130859375000000000e-01 1.348341703414916992e-01
8.691406250000000000e-02 4.814766347408294678e-01
-1.630859375000000000e-01 4.357975423336029053e-01
3.369140625000000000e-01 2.451132237911224365e-01
-2.880859375000000000e-01 3.088236451148986816e-01
2.119140625000000000e-01 3.932276070117950439e-01
-3.808593750000000000e-02 4.964252114295959473e-01
4.619140625000000000e-01 5.968257784843444824e-02
-4.443359375000000000e-01 8.699192106723785400e-02
5.566406250000000000e-02 4.923742413520812988e-01
-1.943359375000000000e-01 4.096737504005432129e-01
3.056640625000000000e-01 2.866485714912414551e-01
-3.193359375000000000e-01 2.687935233116149902e-01
1.806640625000000000e-01 4.216041266918182373e-01
-6.933593750000000000e-02 4.881848692893981934e-01
4.306640625000000000e-01 1.080533862113952637e-01
-3.818359375000000000e-01 1.813778430223464966e-01
1.181640625000000000e-01 4.659421443939208984e-01
-1.318359375000000000e-01 4.577243626117706299e-01
3.681640625000000000e-01 2.012173086404800415e-01
-2.568359375000000000e-01 3.458796143531799316e-01
2.431640625000000000e-01 3.610640764236450195e-01
-6.835937500000000000e-03 4.998846948146820068e-01
4.931640625000000000e-01 1.073698978871107101e-02
-4.951171875000000000e-01 7.669602986425161362e-03
4.882812500000000000e-03 4.999411702156066895e-01
-2.451171875000000000e-01 3.589349985122680664e-01
2.548828125000000000e-01 3.480885624885559082e-01
-3.701171875000000000e-01 1.984049677848815918e-01
1.298828125000000000e-01 4.589503705501556396e-01
-1.201171875000000000e-01 4.648204445838928223e-01
3.798828125000000000e-01 1.842333972454071045e-01
-4.326171875000000000e-01 1.050558984279632568e-01
6.738281250000000000e-02 4.888386726379394531e-01
-1.826171875000000000e-01 4.199468791484832764e-01
3.173828125000000000e-01 2.713753879070281982e-01
-3.076171875000000000e-01 2.841294705867767334e-01
1.923828125000000000e-01 4.114248752593994141e-01
-5.761718750000000000e-02 4.918312132358551025e-01
4.423828125000000000e-01 9.001144766807556152e-02
-4.638671875000000000e-01 5.663543567061424255e-02
3.613281250000000000e-02 4.967820644378662109e-01
-2.138671875000000000e-01 3.913252949714660645e-01
2.861328125000000000e-01 3.112305998802185059e-01
-3.388671875000000000e-01 2.424346059560775757e-01
1.611328125000000000e-01 4.372933208942413330e-01
-8.886718750000000000e-02 4.806402325630187988e-01
4.111328125000000000e-01 1.377858817577362061e-01
-4.013671875000000000e-01 1.524646282196044922e-01
9.863281250000000000e-02 4.761874973773956299e-01
-1.513671875000000000e-01 4.445241689682006836e-01
3.486328125000000000e-01 2.289066612720489502e-01
-2.763671875000000000e-01 3.230879902839660645e-01
2.236328125000000000e-01 3.815942108631134033e-01
-2.636718750000000000e-02 4.982855618000030518e-01
4.736328125000000000e-01 4.137010872364044189e-02
-4.794921875000000000e-01 3.219126537442207336e-02
2.050781250000000000e-02 4.989626407623291016e-01
-2.294921875000000000e-01 3.755825459957122803e-01
2.705078125000000000e-01 3.300571441650390625e-01
-3.544921875000000000e-01 2.206856161355972290e-01
1.455078125000000000e-01 4.486622810363769531e-01
-1.044921875000000000e-01 4.733004570007324219e-01
3.955078125000000000e-01 1.612038165330886841e-01
-4.169921875000000000e-01 1.289155483245849609e-01
8.300781250000000000e-02 4.830949902534484863e-01
-1.669921875000000000e-01 4.327568113803863525e-01
3.330078125000000000e-01 2.504426836967468262e-01
-2.919921875000000000e-01 3.039748668670654297e-01
2.080078125000000000e-01 3.969877362251281738e-01
-4.199218750000000000e-02 4.956554174423217773e-01
4.580078125000000000e-01 6.577000021934509277e-02
-4.482421875000000000e-01 8.094316720962524414e-02
5.175781250000000000e-02 4.934046864509582520e-01
-1.982421875000000000e-01 4.061252772808074951e-01
3.017578125000000000e-01 2.916543185710906982e-01
-3.232421875000000000e-01 2.635995447635650635e-01
1.767578125000000000e-01 4.248708784580230713e-01
-7.324218750000000000e-02 4.868221282958984375e-01
4.267578125000000000e-01 1.140360459685325623e-01
-3.857421875000000000e-01 1.756463944911956787e-01
1.142578125000000000e-01 4.681328237056732178e-01
-1.357421875000000000e-01 4.552206397056579590e-01
3.642578125000000000e-01 2.068191468715667725e-01
-2.607421875000000000e-01 3.414227664470672607e-01
2.392578125000000000e-01 3.652813732624053955e-01
-1.074218750000000000e-02 4.997152984142303467e-01
4.892578125000000000e-01 1.687055267393589020e-02
-4.873046875000000000e-01 1.993643864989280701e-02
1.269531250000000000e-02 4.996023774147033691e-01
-2.373046875000000000e-01 3.673694431781768799e-01
2.626953125000000000e-01 3.391750156879425049e-01
-3.623046875000000000e-01 2.096084505319595337e-01
1.376953125000000000e-01 4.539430439472198486e-01
-1.123046875000000000e-01 4.692017734050750732e-01
3.876953125000000000e-01 1.727706640958786011e-01
-4.248046875000000000e-01 1.170209348201751709e-01
7.519531250000000000e-02 4.861132502555847168e-01
-1.748046875000000000e-01 4.264802932739257812e-01
3.251953125000000000e-01 2.609876394271850586e-01
-2.998046875000000000e-01 2.941407561302185059e-01
2.001953125000000000e-01 4.043280780315399170e-01
-4.980468750000000000e-02 4.938920736312866211e-01
4.501953125000000000e-01 7.791416347026824951e-02
-4.560546875000000000e-01 6.881005316972732544e-02
4.394531250000000000e-02 4.952425360679626465e-01
-2.060546875000000000e-01 3.988454043865203857e-01
2.939453125000000000e-01 3.015332818031311035e-01
-3.310546875000000000e-01 2.530932724475860596e-01
1.689453125000000000e-01 4.312119781970977783e-01
-8.105468750000000000e-02 4.838769137859344482e-01
4.189453125000000000e-01 1.259488910436630249e-01
-3.935546875000000000e-01 1.641049087047576904e-01
1.064453125000000000e-01 4.723024070262908936e-01
-1.435546875000000000e-01 4.500079452991485596e-01
3.564453125000000000e-01 2.179285138845443726e-01
-2.685546875000000000e-01 3.323554694652557373e-01
2.314453125000000000e-01 3.735502958297729492e-01
-1.855468750000000000e-02 4.991507828235626221e-01
4.814453125000000000e-01 2.912913262844085693e-02
-4.716796875000000000e-01 4.442676156759262085e-02
2.832031250000000000e-02 4.980223476886749268e-01
-2.216796875000000000e-01 3.835694491863250732e-01
2.783203125000000000e-01 3.207404911518096924e-01
-3.466796875000000000e-01 2.316299080848693848e-01
1.533203125000000000e-01 4.431112706661224365e-01
-9.667968750000000000e-02 4.771140515804290771e-01
4.033203125000000000e-01 1.495399177074432373e-01
-4.091796875000000000e-01 1.407324373722076416e-01
9.082031250000000000e-02 4.797857701778411865e-01
-1.591796875000000000e-01 4.387726485729217529e-01
3.408203125000000000e-01 2.397468537092208862e-01
-2.841796875000000000e-01 3.136259019374847412e-01
2.158203125000000000e-01 3.894082605838775635e-01
-3.417968750000000000e-02 4.971202313899993896e-01
4.658203125000000000e-01 5.358616262674331665e-02
-4.404296875000000000e-01 9.302757680416107178e-02
5.957031250000000000e-02 4.912696480751037598e-01
-1.904296875000000000e-01 4.131605327129364014e-01
3.095703125000000000e-01 2.815996706485748291e-01
-3.154296875000000000e-01 2.739470303058624268e-01
1.845703125000000000e-01 4.182738661766052246e-01
-6.542968750000000000e-02 4.894740879535675049e-01
4.345703125000000000e-01 1.020544543862342834e-01
-3.779296875000000000e-01 1.870820224285125732e-01
1.220703125000000000e-01 4.636812508106231689e-01
-1.279296875000000000e-01 4.601591229438781738e-01
3.720703125000000000e-01 1.955852061510086060e-01
-2.529296875000000000e-01 3.502843677997589111e-01
2.470703125000000000e-01 3.567924201488494873e-01
-2.929687500000000000e-03 4.999788105487823486e-01
4.970703125000000000e-01 4.601868335157632828e-03
-4.970703125000000000e-01 4.601868335157632828e-03
2.929687500000000000e-03 4.999788105487823486e-01
-2.470703125000000000e-01 3.567924201488494873e-01
2.529296875000000000e-01 3.502843677997589111e-01
-3.720703125000000000e-01 1.955852061510086060e-01
1.279296875000000000e-01 4.601591229438781738e-01
-1.220703125000000000e-01 4.636812508106231689e-01
3.779296875000000000e-01 1.870820224285125732e-01
-4.345703125000000000e-01 1.020544543862342834e-01
6.542968750000000000e-02 4.894740879535675049e-01
-1.845703125000000000e-01 4.182738661766052246e-01
3.154296875000000000e-01 2.739470303058624268e-01
-3.095703125000000000e-01 2.815996706485748291e-01
1.904296875000000000e-01 4.131605327129364014e-01
-5.957031250000000000e-02 4.912696480751037598e-01
4.404296875000000000e-01 9.302757680416107178e-02
-4.658203125000000000e-01 5.358616262674331665e-02
3.417968750000000000e-02 4.971202313899993896e-01
-2.158203125000000000e-01 3.894082605838775635e-01
2.841796875000000000e-01 3.136259019374847412e-01
-3.408203125000000000e-01 2.397468537092208862e-01
1.591796875000000000e-01 4.387726485729217529e-01
-9.082031250000000000e-02 4.797857701778411865e-01
4.091796875000000000e-01 1.407324373722076416e-01
-4.033203125000000000e-01 1.495399177074432373e-01
9.667968750000000000e-02 4.771140515804290771e-01
-1.533203125000000000e-01 4.431112706661224365e-01
3.466796875000000000e-01 2.316299080848693848e-01
-2.783203125000000000e-01 3.207404911518096924e-01
2.216796875000000000e-01 3.835694491863250732e-01
-2.832031250000000000e-02 4.980223476886749268e-01
4.716796875000000000e-01 4.442676156759262085e-02
-4.814453125000000000e-01 2.912913262844085693e-02
1.855468750000000000e-02 4.991507828235626221e-01
-2.314453125000000000e-01 3.735502958297729492e-01
2.685546875000000000e-01 3.323554694652557373e-01
-3.564453125000000000e-01 2.179285138845443726e-01
1.435546875000000000e-01 4.500079452991485596e-01
-1.064453125000000000e-01 4.723024070262908936e-01
3.935546875000000000e-01 1.641049087047576904e-01
-4.189453125000000000e-01 1.259488910436630249e-01
8.105468750000000000e-02 4.838769137859344482e-01
-1.689453125000000000e-01 4.312119781970977783e-01
3.310546875000000000e-01 2.530932724475860596e-01
-2.939453125000000000e-01 3.015332818031311035e-01
2.060546875000000000e-01 3.988454043865203857e-01
-4.394531250000000000e-02 4.952425360679626465e-01
4.560546875000000000e-01 6.881005316972732544e-02
-4.501953125000000000e-01 7.791416347026824951e-02
4.980468750000000000e-02 4.938920736312866211e-01
-2.001953125000000000e-01 4.043280780315399170e-01
2.998046875000000000e-01 2.941407561302185059e-01
-3.251953125000000000e-01 2.609876394271850586e-01
1.748046875000000000e-01 4.264802932739257812e-01
-7.519531250000000000e-02 4.861132502555847168e-01
4.248046875000000000e-01 1.170209348201751709e-01
-3.876953125000000000e-01 1.727706640958786011e-01
1.123046875000000000e-01 4.692017734050750732e-01
-1.376953125000000000e-01 4.539430439472198486e-01
3.623046875000000000e-01 2.096084505319595337e-01
-2.626953125000000000e-01 3.391750156879425049e-01
2.373046875000000000e-01 3.673694431781768799e-01
-1.269531250000000000e-02 4.996023774147033691e-01
4.873046875000000000e-01 1.993643864989280701e-02
-4.892578125000000000e-01 1.687055267393589020e-02
1.074218750000000000e-02 4.997152984142303467e-01
-2.392578125000000000e-01 3.652813732624053955e-01
2.607421875000000000e-01 3.414227664470672607e-01
-3.642578125000000000e-01 2.068191468715667725e-01
1.357421875000000000e-01 4.552206397056579590e-01
-1.142578125000000000e-01 4.681328237056732178e-01
3.857421875000000000e-01 1.756463944911956787e-01
-4.267578125000000000e-01 1.140360459685325623e-01
7.324218750000000000e-02 4.868221282958984375e-01
-1.767578125000000000e-01 4.248708784580230713e-01
3.232421875000000000e-01 2.635995447635650635e-01
-3.017578125000000000e-01 2.916543185710906982e-01
1.982421875000000000e-01 4.061252772808074951e-01
-5.175781250000000000e-02 4.934046864509582520e-01
4.482421875000000000e-01 8.094316720962524414e-02
-4.580078125000000000e-01 6.577000021934509277e-02
4.199218750000000000e-02 4.956554174423217773e-01
-2.080078125000000000e-01 3.969877362251281738e-01
2.919921875000000000e-01 3.039748668670654297e-01
-3.330078125000000000e-01 2.504426836967468262e-01
1.669921875000000000e-01 4.327568113803863525e-01
-8.300781250000000000e-02 4.830949902534484863e-01
4.169921875000000000e-01 1.289155483245849609e-01
-3.955078125000000000e-01 1.612038165330886841e-01
1.044921875000000000e-01 4.733004570007324219e-01
-1.455078125000000000e-01 4.486622810363769531e-01
3.544921875000000000e-01 2.206856161355972290e-01
-2.705078125000000000e-01 3.300571441650390625e-01
2.294921875000000000e-01 3.755825459957122803e-01
-2.050781250000000000e-02 4.989626407623291016e-01
4.794921875000000000e-01 3.219126537442207336e-02
-4.736328125000000000e-01 4.137010872364044189e-02
2.636718750000000000e-02 4.982855618000030518e-01
-2.236328125000000000e-01 3.815942108631134033e-01
2.763671875000000000e-01 3.230879902839660645e-01
-3.486328125000000000e-01 2.289066612720489502e-01
1.513671875000000000e-01 4.445241689682006836e-01
-9.863281250000000000e-02 4.761874973773956299e-01
4.013671875000000000e-01 1.524646282196044922e-01
-4.111328125000000000e-01 1.377858817577362061e-01
8.886718750000000000e-02 4.806402325630187988e-01
-1.611328125000000000e-01 4.372933208942413330e-01
3.388671875000000000e-01 2.424346059560775757e-01
-2.861328125000000000e-01 3.112305998802185059e-01
2.138671875000000000e-01 3.913252949714660645e-01
-3.613281250000000000e-02 4.967820644378662109e-01
4.638671875000000000e-01 5.663543567061424255e-02
-4.423828125000000000e-01 9.001144766807556152e-02
5.761718750000000000e-02 4.918312132358551025e-01
-1.923828125000000000e-01 4.114248752593994141e-01
3.076171875000000000e-01 2.841294705867767334e-01
-3.173828125000000000e-01 2.713753879070281982e-01
1.826171875000000000e-01 4.199468791484832764e-01
-6.738281250000000000e-02 4.888386726379394531e-01
4.326171875000000000e-01 1.050558984279632568e-01
-3.798828125000000000e-01 1.842333972454071045e-01
1.201171875000000000e-01 4.648204445838928223e-01
-1.298828125000000000e-01 4.589503705501556396e-01
3.701171875000000000e-01 1.984049677848815918e-01
-2.548828125000000000e-01 3.480885624885559082e-01
2.451171875000000000e-01 3.589349985122680664e-01
-4.882812500000000000e-03 4.999411702156066895e-01
4.951171875000000000e-01 7.669602986425161362e-03
-4.931640625000000000e-01 1.073698978871107101e-02
6.835937500000000000e-03 4.998846948146820068e-01
-2.431640625000000000e-01 3.610640764236450195e-01
